1 1224 882
2 1606 746
3 616 590
4 2184 384
5 1280 290
6 898 392
7 620 892
8 2008 164
9 262 718
10 288 426
11 554 360
12 1854 548
13 2088 612
14 736 314
15 538 776
16 440 346
17 114 336
18 1006 302
19 1168 308
20 420 738
21 1850 708
22 150 88
23 1712 592
24 1740 420
25 1960 376
26 620 424
27 1494 862
28 1626 244
29 1726 304
30 2314 722
31 1338 1012
32 610 748
33 1140 910
34 442 210
35 180 610
36 2176 240
37 1026 172
38 1240 598
39 256 84
40 1076 534
41 554 234
42 864 744
43 548 478
44 1604 656
45 250 588
46 1436 778
47 1930 800
48 332 826
49 2006 566
50 1144 622
51 1140 724
52 1532 232
53 1856 204
54 612 258
55 1336 186
56 2078 692
57 1196 70
58 1428 432
59 254 208
60 1370 340
61 1752 220
62 1754 522
63 1678 842
64 470 596
65 2252 576
66 1152 428
67 772 176
68 1058 662
69 1828 332
70 958 860
71 994 426
72 1972 704
73 2154 752
74 854 130
75 2122 166
76 2306 342
77 468 280
78 892 206
79 1466 924
80 1348 872
81 716 258